1111111111111111111111111111111111111111
1000000100000010000000000000000000000001
1000000000000010000000000000000000000001
1001000000000010000000000000000000000001
1001000100000010000000001000000000000001
1001000100000010000000001000000000000001
1001000100000000000000001000000000000001
1001000111111111111111111110000000000001
1001000100000000000000000000000000000001
1001000100000000000000000000000000000001
1001000100000000000000000000000000000001
1001000100000010000001111111111111111111
1001000100000010000000000000000000000001
1001000100000010000000000000000000000001
1001000100000010000000000000000000000001
1001000000000010000000011111100000000001
1001000000000010000000010000000000000001
1001000000000010000000010000000000000001
1001000000000010000000010000000000000001
1001000000000010000000010000000000000001
1001000000000010000000010000000010000001
1000000000000010000000010000000010000001
1000000000000010000000010000000010000001
1111111111111111111100010000000010000001
1000000000000000000000010000000010000001
1000000000000000000000010000000010000001
1000000000000000000000010000000010000001
1000000000000000000000010000000010000001
1000001111111111111111110000000000000001
1000000000100000000000000000000000000001
1000000000100000000000000000000000000001
1000000000100001111111111111111110000001
1000000000000000000000000000000000000001
1111111000000000000001000000000000000001
1000000000000000000001000000000000000001
1000000000000000000001000000111111110001
1000000000100000000001000000000000000001
1000000000100000000001000000000000000001
1100000000100000000001000000000000000001
1111111111111111111111111111111111111111
